0.243504367623195 0.199134375117022 0.70963870247907
0.858297392360323 0.961663080193266 0.562879230350446
0.513679060375601 0.165277442620174 0.535117267476248
0.623168912334087 0.318790961250692 0.326773737487972
0.361932727456263 0.913813503547356 0.658774142295879
0.744557714206159 0.516657167709074 0.380664274287961
0.1713643793428 0.966471986909258 0.22218792998221
0.0637386974643527 0.404338152089687 0.111922643905894
0.613545882666124 0.219900778839496 0.266241879188127
0.188389541510827 0.449404181948484 0.868726544739881
0.914135168141916 0.58542595866233 0.926532588931345
0.883615304924768 0.60725738588404 0.924772431183198
0.104499667897575 0.395804328828332 0.214478867551072
0.226653137461408 0.754152585217827 0.553483419934252
0.985456950514749 0.60045561253082 0.570836633882231
0.957139158310899 0.601542593515676 0.678778341671463
0.0816233750456651 0.867518386466464 0.46462777102732
0.773985920020414 0.657729271666528 0.432376826943672
0.375332280929957 0.342421402767108 0.383943862389807
0.480933407391951 0.937559238963407 0.903068748626668
0.873219340172905 0.465403416570693 0.808280550035548
0.165392246853951 0.691436563311207 0.298104859773207
0.501150094646019 0.0578529030879383 0.572254745571166
0.823816567226359 0.30011677753376 0.951107357890273
0.75130416218815 0.349319542642626 0.496720678257924
0.632868793441147 0.639570217855257 0.859845708085369
0.180591372909388 0.163566156384053 0.0773427851333207
0.580617547397133 0.805320486225532 0.227310331642288
0.14863255320485 0.633982547890093 0.182228015272702
0.149607091618741 0.954958901813773 0.957514350171183
0.971110663095709 0.525073079219425 0.896404903464912
0.660719557448035 0.975707125670632 0.178899228022263
0.04946852253195 0.489125519571328 0.997041443878
0.542607464059079 0.909139024470062 0.878872884638524
0.117489380198907 0.168831763959386 0.928010856738739
0.88373732004521 0.382569460225602 0.867883142835154
0.447872730127646 0.944331282902017 0.244596283964325
0.808612509899044 0.398117646920762 0.0802809517729943
0.828905549640201 0.791040323906674 0.0261464480617988
0.922563045272989 0.834011655118891 0.75978347118252
0.832707574402226 0.21302176736209 0.397357100825043
0.993903639578547 0.944908646327276 0.437946559772269
0.744066567298336 0.0530000525100436 0.797985957677618
0.0323355534464184 0.719801554892191 0.216647376280279
0.138661882869267 0.923556061690306 0.377159253042995
0.54022279574486 0.0392677458897454 0.971591882864217
0.644205403766746 0.207911996415632 0.469359313223853
0.99130692118419 0.955372102971021 0.580891712363774
0.705441191564081 0.782515778836242 0.00829565739263971
0.76733586802788 0.227653072058219 0.64199930552178
0.268160913711683 0.805510155575541 0.469758776292843
0.922707906542724 0.857543808780781 0.878062942706618
0.759193837349818 0.642339157082965 0.376409545450067
0.792156839532589 0.489142450390656 0.186612024812195
0.838226076700295 0.73221698741175 0.0344926197846326
0.971390410156509 0.743213774200817 0.594182912969943
0.567852659287788 0.07623944235383 0.561335047322794
0.930775859048123 0.0935965460059537 0.602772899485439
0.356256342496277 0.671022018283348 0.0890842655064104
0.590775746140886 0.101129318887619 0.0515882053839337
0.768375751898677 0.225360245794357 0.453251351408243
0.509885654703147 0.905483216847227 0.628267352552455
0.618301778328654 0.991193747568799 0.706191429589364
0.193211038592101 0.0504550031686729 0.0456583234773829
0.839794385798114 0.410414853697837 0.572092522260723
0.25638515979688 0.349808041044371 0.665827160044803
0.622699821538518 0.373509533241305 0.231278078105778
0.901756316713514 0.373014324844645 0.753834556589773
0.394093180849151 0.0888524608922825 0.548670594067366
0.64545237343559 0.814426468563278 0.463713560645511
0.187172070539839 0.051941981368346 0.842344701828773
0.439024887659214 0.0282794508957929 0.79610623594284
0.115206746018031 0.82889374505677 0.665238451557799
0.943117892210703 0.648287449225586 0.0665206919491224
0.497230128936991 0.0603622294239692 0.651069368702479
0.638545736824786 0.7656981256747 0.381489065282516
0.340139555506767 0.456266813303239 0.454185819615522
0.219118952550175 0.0198754228247094 0.766027445694415
0.618806404154405 0.0101626026279142 0.601568348358472
0.342720632582221 0.70177394525353 0.0550578461561846
0.649782785472762 0.98795894159784 0.3644771752026
0.375758171217492 0.291976750986029 0.672650514427429
0.868515198201092 0.419379649992969 0.149463732367703
0.87242501896288 0.321188452831265 0.435315805784207
0.925105644987009 0.62758180927003 0.0239128813596552
0.0465344640640383 0.467734261291993 0.0650740424646463
0.53414286394427 0.363946179540744 0.149608598632666
0.335966095668561 0.486739211626018 0.13125255159679
0.674557425628767 0.656487934875432 0.979789871891285
0.62457070354219 0.498170315267308 0.190918203621887
0.00279042132911189 0.534160824643418 0.38521587987977
0.00355544745321035 0.638418458166358 0.244085770261907
0.823970887228072 0.467251755433503 0.841244015022289
0.237598887672087 0.405828714806259 0.951536218081585
0.765284866775821 0.915925025450221 0.166012377080293
0.296436106009726 0.0674768030510901 0.166784582313363
0.811088417621082 0.970245561677518 0.987454806749042
0.958478804453122 0.0740865173899161 0.895170779995606
0.00234875567974879 0.803182575087435 0.0641222317658926
0.102720361262892 0.41888446265122 0.886765115012407
0.283847869017151 0.219165982554382 0.02925848703723
0.00763555477239597 0.408089537451172 0.652459724145901
0.103672124495835 0.164870242477034 0.666457012048093
0.762661063721127 0.632952443655251 0.688663539117781
0.531648494500774 0.0545396739097971 0.432763214528361
0.630183351426678 0.585200339522547 0.468813780579663
0.17910412094158 0.96295877536838 0.479614252288398
0.0927137188642948 0.00387353551348724 0.678463634320796
0.478458646745197 0.601579798458235 0.68251781671711
0.0990890086376651 0.11012834018281 0.688785898972834
0.77756103760802 0.898299948178677 0.0610511462357189
0.0828329370324061 0.0163706608566853 0.0124099459694967
0.011427528814081 0.516990939531608 0.193747340053374
0.368441665384023 0.602701319215812 0.308117688829788
0.839349277568775 0.514238061322073 0.341211145567738
0.982492501505978 0.181275170605328 0.579968709639967
0.26818637266786 0.180516896172902 0.0556884902568199
0.286518454768013 0.900572290255528 0.395698472582128
0.43045231333246 0.728763483255897 0.95180745705255
0.95141431651076 0.290244208783556 0.210030796707028
0.520515887325233 0.402530235597016 0.0787394832466347
0.602871560972297 0.664931441200008 0.333492129876999
0.203815677165533 0.711832456405164 0.442777173122209
0.929967171592209 0.626474423948033 0.923197523158096
0.405720793714528 0.693898958369993 0.4906709662866
0.326438909311377 0.388784334890571 0.676120081005331
0.110088847733172 0.767636165697467 0.0340621281717747
0.936863710408633 0.569745499842289 0.0268386289622559
