0.178699029167114 0.751779355061302 0.982940511503982
0.175436145519359 0.909411483043429 0.57059970408596
0.176661204694203 0.548471915929806 0.493893038532447
0.198807159832174 0.0263153936543578 0.53299953441055
0.60219044061065 0.134920636585675 0.640558837291562
0.675330331309865 0.84217757318696 0.151868701454032
0.821019401441083 0.329975281417833 0.806292596514217
0.999773122694756 0.425483118086481 0.400292883883605
0.424310773237634 0.988061285755543 0.354081077910303
0.291498033965174 0.0228596236256173 0.243640193394703
0.528610767442621 0.973930177058907 0.118975382673679
0.593560772481158 0.424475931087654 0.0707635824773016
0.642079416141701 0.700225073689456 0.0849047507770724
0.248798897538397 0.703004391018124 0.547286633863654
0.630572791703042 0.634278202982618 0.909186957080075
0.335419921247063 0.439923122280153 0.720262361570523
0.212759010103203 0.274479407885599 0.559357067397456
0.430300900780404 0.653920421280792 0.161020904584738
0.505086084355522 0.480372228085867 0.777146440140074
0.711556426991232 0.729180222121572 0.517254402550923
0.218192642130913 0.0826929319308535 0.0219298228079787
0.179209500791232 0.181603467162106 0.213763519227956
0.768335147059746 0.909464806507279 0.436751928242895
0.565067159777179 0.126098827482582 0.00212202483321056
0.766299363331997 0.138864837140935 0.151340560497478
0.80865225291219 0.688401497692848 0.729321726243568
0.626955379414573 0.573306546332578 0.90605173557551
0.338534650141676 0.475235157492277 0.530778140974806
0.709484975196481 0.658116181223384 0.229306251465772
0.16635250773645 0.202747397742598 0.0159083388094849
0.0256922853702279 0.297595676758473 0.862339211479325
0.189010555411161 0.941230937873485 0.107935253017744
0.746551427132036 0.0712848819635339 0.849893821239637
0.00439261258217538 0.861348176416565 0.845350562277612
0.746182237657744 0.509022256836494 0.831111503195807
0.169484428844022 0.387862894629115 0.271452923967019
0.74150245721089 0.709638857830719 0.174117873471634
0.640929124395263 0.853371006453131 0.115493808747709
0.360467620079557 0.214609706276641 0.654688314176377
0.785776285897775 0.492313130975707 0.13135368534335
0.92573618067275 0.259401160852536 0.522314781683827
0.47910978255359 0.604478457779412 0.49044221513849
0.772655572388859 0.442904067510999 0.0878218441574162
0.655582372961194 0.557066829681192 0.110408048956958
0.811020215616459 0.881899200733092 0.0127555628361417
0.167811688977599 0.10166243492783 0.933229111773545
0.360928020047589 0.0679473020936823 0.0396038467757357
0.150096722662633 0.427062347759695 0.724247033520084
0.54025790742078 0.00502888330112106 0.926859573385509
0.824628342666394 0.997136895348686 0.919542206194465
0.105320182975915 0.763843764539584 0.104252997601917
0.219061890891174 0.320322632016148 0.259846667655122
0.188267616829231 0.0316893001122069 0.566870912760646
0.212548379439868 0.145443480124611 0.0128457468737627
0.48523045694977 0.14105696859946 0.691066915983427
0.48885726360846 0.112451379350698 0.638541371339421
0.49862251273625 0.426504251336355 0.290586653457929
0.63333346832172 0.977769157702234 0.661734944417943
0.473817863220927 0.47557844163322 0.959645196993795
0.797742459847051 0.912196754252076 0.293294642967131
0.504128180597837 0.282985376214109 0.331289642625589
0.7373846381813 0.382514191853397 0.965257748969727
0.132031170054907 0.383020104064703 0.286827284759212
0.535205897505445 0.689435100924171 0.184434115699354
0.885041502041251 0.118155245153682 0.12022858999065
0.949390134629152 0.989865435151316 0.20852237389343
0.97334470672087 0.0635378925573686 0.166251535436548
0.0522086332938522 0.793291699901326 0.832054705376542
0.621863097261786 0.359277961450212 0.341677003639647
0.460547461088786 0.513520841267514 0.0971832059869966
0.589817489604743 0.611330146637951 0.575726948453721
0.499725973621345 0.149057083245688 0.756669787984348
0.29355559441744 0.375091630987986 0.841776581954761
0.960139975886254 0.112699492380728 0.48080405167944
0.897771225532002 0.771303428858631 0.262457464904029
0.133603910449774 0.384943094967874 0.652915682156136
0.300018582740438 0.918926536712417 0.442496952598123
0.94528200918664 0.882402795931734 0.34176488323731
0.342803701519393 0.453021162091896 0.599081167470487
0.649417450961366 0.493299255574885 0.88780260142949
0.0983619505457304 0.764070891236327 0.125324791415593
0.676230090282253 0.863458491467109 0.133474990584297
0.202584980871927 0.751157321899609 0.000231065199416736
0.273834301544268 0.601251143911812 0.284293074456312
0.903759051181981 0.505292452205831 0.71926392682241
0.5749325019969 0.422531388268483 0.0226279867559067
0.923956335725144 0.366796468997375 0.151373665826451
0.350802091637144 0.784027846268716 0.464798012873766
0.886391470888295 0.835159638023036 0.983916976496475
0.250153013597979 0.728242423153538 0.849828294959274
0.124143787222168 0.152952789981843 0.510633605136478
0.310596453716413 0.815242445313671 0.448339380701919
0.803385085996905 0.852190649398636 0.97069897317612
0.0785482063545127 0.817570881268703 0.466312220637624
0.965005305843558 0.574533590173997 0.49543240879036
0.325997669971674 0.558298491530906 0.0689778462108583
0.947438262628722 0.710455692980488 0.998426789341871
0.150086578018891 0.53045904923442 0.311820903915726
0.834768311582722 0.64020984616491 0.245130755184197
0.263148319353776 0.483719024833911 0.381289008027337
0.420557514837392 0.0481811440107028 0.23917601408698
0.702310918358637 0.610920680279354 0.248946674813356
0.320277088369962 0.535564894512648 0.883438702353724
0.847742491914359 0.807013774619851 0.710427307863708
0.320947861137131 0.873193957609839 0.500400775515181
0.904282491633212 0.983036222076956 0.840636517595249
0.545222329693841 0.634461696770441 0.534013751451731
0.793666083025936 0.880799542861342 0.511529092199426
0.565747646843948 0.320512844148039 0.913152742372502
0.946733471115376 0.511028924158354 0.545261877330557
0.147416988338171 0.39905123310678 0.30704387392557
0.219471144449904 0.950395335131906 0.114668433182841
0.216227329276232 0.64244926558009 0.245542144387298
0.0908705781480208 0.00779291063747434 0.478854744051061
0.744444447627629 0.262431920229879 0.4467741275926
0.839141805139886 0.626464501073332 0.123017016857453
0.328535803427897 0.550239103808507 0.678491869414882
0.0340571844812154 0.0773900470329255 0.846605947069211
0.169215265314684 0.41621813688281 0.406473678914791
0.911985020914832 0.346001202788865 0.886700762839575
0.130876547760118 0.905462749730804 0.215761252172513
0.933059861765135 0.377492173215029 0.792190264444163
0.6926588643338 0.958713595889891 0.166906592124375
0.632993568362347 0.529330969397888 0.680818922727965
0.152834142252458 0.312475998842778 0.890687873398548
0.805823509416861 0.549879145125724 0.896829007264381
0.828396948330795 0.279227334556401 0.216056596066409
0.436551897742306 0.262088962808782 0.359553044905957
